              precision    recall  f1-score   support

           0       0.01      0.01      0.01     11580
           1       0.03      0.04      0.04     36868
           2       0.04      0.05      0.05     47278
           3       0.14      0.13      0.13    149546
           4       0.12      0.10      0.11    134628
           5       0.02      0.02      0.02     25552
           6       0.01      0.01      0.01     10610
           7       0.12      0.14      0.13    126220
           8       0.38      0.45      0.41    410308
           9       0.02      0.01      0.01     22350
          10       0.05      0.02      0.03     54654
          11       0.06      0.04      0.05     59072

    accuracy                           0.22   1088666
   macro avg       0.08      0.08      0.08   1088666
weighted avg       0.20      0.22      0.21   1088666
